0.0329285 -0.106952

 0.326065 -0.479096

 0.50496 -0.314631

 1.30635 -0.617029

 0.695344 -0.525278

 0.942466 -0.910266

 1.1719 -1.94782

 2.17589 -1.14411

 0.85145 -0.161116

 1.31545 -0.504734

 1.95565 1.22487

 2.35385 -1.34699

 2.71833 -2.62544

 1.85286 -0.460366

 1.36556 -1.06412

 2.83746 -0.926546

 1.66436 1.10252

 2.85104 -0.27931

 1.97946 0.290664

 1.39098 -0.487568

 2.44271 1.88744

 2.91114 -1.73836

 2.86394 -2.06449

 2.01805 -0.944671

 1.7625 1.0117

 1.43252 -0.42637

 2.26585 0.471674

 1.95321 -0.704631

 2.15983 0.435659

 2.92684 -1.51281

 2.93591 0.157306

 2.4094 -0.736883

 2.64851 2.19357

 2.41933 0.123423

 2.45674 0.440006

 2.63673 -0.51149

 2.40548 1.12547

 2.55276 -0.119446

 2.86808 -0.4772

 2.67278 0.5633

 2.69529 1.04485

 